Grid3 SOXL 
1) 70.76 0 75.03 5
2) 70.48 0 74.74 5
3) 70.21 0 74.44 5
4) 69.93 0 74.13 5
5) 69.65 0 73.84 5
6) 69.39 0 73.55 5
7) 69.10 0 73.25 5
8) 68.82 0 72.95 5
9) 68.54 0 72.67 5
10) 68.27 0 72.37 5
11) 67.99 0 72.08 5
12) 67.72 0 71.80 5
13) 67.45 0 71.50 5
14) 67.18 0 71.20 5
15) 66.90 0 70.90 5
16) 66.61 0 70.63 5
17) 66.33 0 70.33 5
18) 66.04 0 70.03 5
19) 65.79 0 69.76 5
20) 65.51 0 69.45 5
21) 65.23 0 69.16 5
22) 64.97 0 68.86 5
23) 64.68 0 68.56 5
24) 64.41 0 68.29 5
25) 64.13 0 68.00 5
26) 63.87 0 67.71 5
27) 63.59 0 67.41 5
28) 63.30 0 67.11 5
29) 63.03 0 66.82 5
30) 62.74 0 66.52 5
31) 62.49 0 66.24 5
32) 62.22 0 65.97 5
33) 61.93 0 65.65 6
34) 61.67 0 65.37 6
35) 61.38 0 65.06 6
36) 61.10 0 64.77 6
37) 60.84 0 64.51 6
38) 60.56 0 64.20 6
39) 60.27 0 63.90 6
40) 60.00 0 63.60 6
41) 59.72 0 63.32 6
42) 59.46 0 63.03 6
43) 59.17 0 62.73 6
44) 58.90 0 62.46 6
45) 58.62 6 62.15 0
46) 58.35 6 61.86 0
47) 58.08 6 61.57 0
48) 57.79 6 61.27 0
49) 57.51 6 60.98 0
50) 57.26 6 60.71 0
51) 56.98 6 60.42 0
52) 56.69 6 60.10 0
53) 56.42 6 59.82 0
54) 56.15 6 59.52 0
55) 55.86 6 59.22 0
56) 55.60 6 58.94 0
57) 55.31 6 58.64 0
58) 55.06 6 58.36 0
59) 54.78 6 58.07 0
60) 54.49 6 57.77 0
61) 54.22 6 57.48 0
62) 53.92 6 57.18 0
63) 53.68 6 56.89 0
64) 53.40 6 56.61 0
65) 53.10 6 56.30 0
66) 52.84 5 56.03 0
67) 52.55 5 55.72 0
68) 52.28 5 55.43 0
69) 52.02 5 55.16 0
70) 51.74 5 54.84 0
71) 51.47 5 54.57 0
72) 51.18 5 54.26 0
73) 50.88 5 53.95 0
74) 50.58 5 53.61 0
75) 50.27 5 53.30 0
76) 49.97 5 52.96 0
77) 49.67 5 52.66 0
78) 49.38 5 52.34 0
79) 49.09 5 52.03 0
80) 48.79 5 51.74 0
81) 48.50 5 51.43 0
82) 48.21 5 51.13 0
83) 47.92 5 50.80 0

테이블 총재고 : 232